columnas t_e D_media D_sd t90_mean t90_std
1 4 0.00674111 0.000606656 21.49 2.88513
2 5 0.00480921 0.000772495 21.5836 2.47184
4 5 0.00444933 0.000496039 19.3431 2.58101
6 5 0.00427642 0.000330577 18.6963 1.73752
8 5 0.00411874 0.0006859 18.0866 1.6952
10 6 0.00308102 0.00045459 16.7381 2.79839
12 8 0.00214768 0.000314783 15.9598 1.33871
14 10 0.00166878 0.00023742 15.8127 1.98101
15 10 0.00152328 0.000178217 15.0895 1.57413
16 10 0.00169772 0.000254652 15.0419 1.50206
17 12 0.00129922 0.000219734 14.7854 1.61529
18 9 0.00189307 0.000349146 13.6736 1.30803
19 15 0.00103965 0.000172601 13.9055 2.00691
20 10 0.00161166 0.000102559 14.3009 1.54857
21 15 0.00104747 0.000136803 14.461 0.791196
22 16 0.00099072 0.000198568 15.737 1.92286
23 8 0.00139112 0.000276863 17.0065 1.66604
24 28 0.000549964 7.96617e-05 18.6052 2.26912
