0.29541666666666661 0.017500000000000002 0.017500000000000002
0.29541666666666661 0.053333333333333337 0.017500000000000002
0.29541666666666661 0.089166666666666672 0.017500000000000002
0.29541666666666661 0.125 0.017500000000000002
0.29541666666666661 0.16083333333333333 0.017500000000000002
0.29541666666666661 0.19666666666666666 0.017500000000000002
0.29541666666666661 0.23250000000000004 0.017500000000000002
0.29541666666666661 0.26833333333333337 0.017500000000000002
0.29541666666666661 0.3041666666666667 0.017500000000000002
0.29541666666666661 0.34000000000000002 0.017500000000000002
0.29541666666666661 0.37583333333333335 0.017500000000000002
0.29541666666666661 0.41166666666666668 0.017500000000000002
0.29541666666666661 0.44750000000000006 0.017500000000000002
0.29541666666666661 0.48333333333333339 0.017500000000000002
0.29541666666666661 0.51916666666666667 0.017500000000000002
0.29541666666666661 0.55499999999999994 0.017500000000000002
0.29541666666666661 0.59083333333333332 0.017500000000000002
0.29541666666666661 0.62666666666666671 0.017500000000000002
0.29541666666666661 0.66250000000000009 0.017500000000000002
0.33124999999999993 0.017500000000000002 0.017500000000000002
0.33124999999999993 0.053333333333333337 0.017500000000000002
0.33124999999999993 0.089166666666666672 0.017500000000000002
0.33124999999999993 0.125 0.017500000000000002
0.33124999999999993 0.16083333333333333 0.017500000000000002
0.33124999999999993 0.19666666666666666 0.017500000000000002
0.33124999999999993 0.23250000000000004 0.017500000000000002
0.33124999999999993 0.26833333333333337 0.017500000000000002
0.33124999999999993 0.3041666666666667 0.017500000000000002
0.33124999999999993 0.34000000000000002 0.017500000000000002
0.33124999999999993 0.37583333333333335 0.017500000000000002
0.33124999999999993 0.41166666666666668 0.017500000000000002
0.33124999999999993 0.44750000000000006 0.017500000000000002
0.33124999999999993 0.48333333333333339 0.017500000000000002
0.33124999999999993 0.51916666666666667 0.017500000000000002
0.33124999999999993 0.55499999999999994 0.017500000000000002
0.33124999999999993 0.59083333333333332 0.017500000000000002
0.33124999999999993 0.62666666666666671 0.017500000000000002
0.33124999999999993 0.66250000000000009 0.017500000000000002
0.36708333333333326 0.017500000000000002 0.017500000000000002
0.36708333333333326 0.053333333333333337 0.017500000000000002
0.36708333333333326 0.089166666666666672 0.017500000000000002
0.36708333333333326 0.125 0.017500000000000002
0.36708333333333326 0.16083333333333333 0.017500000000000002
0.36708333333333326 0.19666666666666666 0.017500000000000002
0.36708333333333326 0.23250000000000004 0.017500000000000002
0.36708333333333326 0.26833333333333337 0.017500000000000002
0.36708333333333326 0.3041666666666667 0.017500000000000002
0.36708333333333326 0.34000000000000002 0.017500000000000002
0.36708333333333326 0.37583333333333335 0.017500000000000002
0.36708333333333326 0.41166666666666668 0.017500000000000002
0.36708333333333326 0.44750000000000006 0.017500000000000002
0.36708333333333326 0.48333333333333339 0.017500000000000002
0.36708333333333326 0.51916666666666667 0.017500000000000002
0.36708333333333326 0.55499999999999994 0.017500000000000002
0.36708333333333326 0.59083333333333332 0.017500000000000002
0.36708333333333326 0.62666666666666671 0.017500000000000002
0.36708333333333326 0.66250000000000009 0.017500000000000002
0.40291666666666659 0.017500000000000002 0.017500000000000002
0.40291666666666659 0.053333333333333337 0.017500000000000002
0.40291666666666659 0.089166666666666672 0.017500000000000002
0.40291666666666659 0.125 0.017500000000000002
0.40291666666666659 0.16083333333333333 0.017500000000000002
0.40291666666666659 0.19666666666666666 0.017500000000000002
0.40291666666666659 0.23250000000000004 0.017500000000000002
0.40291666666666659 0.26833333333333337 0.017500000000000002
0.40291666666666659 0.3041666666666667 0.017500000000000002
0.40291666666666659 0.34000000000000002 0.017500000000000002
0.40291666666666659 0.37583333333333335 0.017500000000000002
0.40291666666666659 0.41166666666666668 0.017500000000000002
0.40291666666666659 0.44750000000000006 0.017500000000000002
0.40291666666666659 0.48333333333333339 0.017500000000000002
0.40291666666666659 0.51916666666666667 0.017500000000000002
0.40291666666666659 0.55499999999999994 0.017500000000000002
0.40291666666666659 0.59083333333333332 0.017500000000000002
0.40291666666666659 0.62666666666666671 0.017500000000000002
0.40291666666666659 0.66250000000000009 0.017500000000000002
0.43874999999999997 0.017500000000000002 0.017500000000000002
0.43874999999999997 0.053333333333333337 0.017500000000000002
0.43874999999999997 0.089166666666666672 0.017500000000000002
0.43874999999999997 0.125 0.017500000000000002
0.43874999999999997 0.16083333333333333 0.017500000000000002
0.43874999999999997 0.19666666666666666 0.017500000000000002
0.43874999999999997 0.23250000000000004 0.017500000000000002
0.43874999999999997 0.26833333333333337 0.017500000000000002
0.43874999999999997 0.3041666666666667 0.017500000000000002
0.43874999999999997 0.34000000000000002 0.017500000000000002
0.43874999999999997 0.37583333333333335 0.017500000000000002
0.43874999999999997 0.41166666666666668 0.017500000000000002
0.43874999999999997 0.44750000000000006 0.017500000000000002
0.43874999999999997 0.48333333333333339 0.017500000000000002
0.43874999999999997 0.51916666666666667 0.017500000000000002
0.43874999999999997 0.55499999999999994 0.017500000000000002
0.43874999999999997 0.59083333333333332 0.017500000000000002
0.43874999999999997 0.62666666666666671 0.017500000000000002
0.43874999999999997 0.66250000000000009 0.017500000000000002
0.47458333333333325 0.017500000000000002 0.017500000000000002
0.47458333333333325 0.053333333333333337 0.017500000000000002
0.47458333333333325 0.089166666666666672 0.017500000000000002
0.47458333333333325 0.125 0.017500000000000002
0.47458333333333325 0.16083333333333333 0.017500000000000002
0.47458333333333325 0.19666666666666666 0.017500000000000002
0.47458333333333325 0.23250000000000004 0.017500000000000002
0.47458333333333325 0.26833333333333337 0.017500000000000002
0.47458333333333325 0.3041666666666667 0.017500000000000002
0.47458333333333325 0.34000000000000002 0.017500000000000002
0.47458333333333325 0.37583333333333335 0.017500000000000002
0.47458333333333325 0.41166666666666668 0.017500000000000002
0.47458333333333325 0.44750000000000006 0.017500000000000002
0.47458333333333325 0.48333333333333339 0.017500000000000002
0.47458333333333325 0.51916666666666667 0.017500000000000002
0.47458333333333325 0.55499999999999994 0.017500000000000002
0.47458333333333325 0.59083333333333332 0.017500000000000002
0.47458333333333325 0.62666666666666671 0.017500000000000002
0.47458333333333325 0.66250000000000009 0.017500000000000002
0.51041666666666663 0.017500000000000002 0.017500000000000002
0.51041666666666663 0.053333333333333337 0.017500000000000002
0.51041666666666663 0.089166666666666672 0.017500000000000002
0.51041666666666663 0.125 0.017500000000000002
0.51041666666666663 0.16083333333333333 0.017500000000000002
0.51041666666666663 0.19666666666666666 0.017500000000000002
0.51041666666666663 0.23250000000000004 0.017500000000000002
0.51041666666666663 0.26833333333333337 0.017500000000000002
0.51041666666666663 0.3041666666666667 0.017500000000000002
0.51041666666666663 0.34000000000000002 0.017500000000000002
0.51041666666666663 0.37583333333333335 0.017500000000000002
0.51041666666666663 0.41166666666666668 0.017500000000000002
0.51041666666666663 0.44750000000000006 0.017500000000000002
0.51041666666666663 0.48333333333333339 0.017500000000000002
0.51041666666666663 0.51916666666666667 0.017500000000000002
0.51041666666666663 0.55499999999999994 0.017500000000000002
0.51041666666666663 0.59083333333333332 0.017500000000000002
0.51041666666666663 0.62666666666666671 0.017500000000000002
0.51041666666666663 0.66250000000000009 0.017500000000000002
0.5462499999999999 0.017500000000000002 0.017500000000000002
0.5462499999999999 0.053333333333333337 0.017500000000000002
0.5462499999999999 0.089166666666666672 0.017500000000000002
0.5462499999999999 0.125 0.017500000000000002
0.5462499999999999 0.16083333333333333 0.017500000000000002
0.5462499999999999 0.19666666666666666 0.017500000000000002
0.5462499999999999 0.23250000000000004 0.017500000000000002
0.5462499999999999 0.26833333333333337 0.017500000000000002
0.5462499999999999 0.3041666666666667 0.017500000000000002
0.5462499999999999 0.34000000000000002 0.017500000000000002
0.5462499999999999 0.37583333333333335 0.017500000000000002
0.5462499999999999 0.41166666666666668 0.017500000000000002
0.5462499999999999 0.44750000000000006 0.017500000000000002
0.5462499999999999 0.48333333333333339 0.017500000000000002
0.5462499999999999 0.51916666666666667 0.017500000000000002
0.5462499999999999 0.55499999999999994 0.017500000000000002
0.5462499999999999 0.59083333333333332 0.017500000000000002
0.5462499999999999 0.62666666666666671 0.017500000000000002
0.5462499999999999 0.66250000000000009 0.017500000000000002
0.58208333333333329 0.017500000000000002 0.017500000000000002
0.58208333333333329 0.053333333333333337 0.017500000000000002
0.58208333333333329 0.089166666666666672 0.017500000000000002
0.58208333333333329 0.125 0.017500000000000002
0.58208333333333329 0.16083333333333333 0.017500000000000002
0.58208333333333329 0.19666666666666666 0.017500000000000002
0.58208333333333329 0.23250000000000004 0.017500000000000002
0.58208333333333329 0.26833333333333337 0.017500000000000002
0.58208333333333329 0.3041666666666667 0.017500000000000002
0.58208333333333329 0.34000000000000002 0.017500000000000002
0.58208333333333329 0.37583333333333335 0.017500000000000002
0.58208333333333329 0.41166666666666668 0.017500000000000002
0.58208333333333329 0.44750000000000006 0.017500000000000002
0.58208333333333329 0.48333333333333339 0.017500000000000002
0.58208333333333329 0.51916666666666667 0.017500000000000002
0.58208333333333329 0.55499999999999994 0.017500000000000002
0.58208333333333329 0.59083333333333332 0.017500000000000002
0.58208333333333329 0.62666666666666671 0.017500000000000002
0.58208333333333329 0.66250000000000009 0.017500000000000002
0.61791666666666667 0.017500000000000002 0.017500000000000002
0.61791666666666667 0.053333333333333337 0.017500000000000002
0.61791666666666667 0.089166666666666672 0.017500000000000002
0.61791666666666667 0.125 0.017500000000000002
0.61791666666666667 0.16083333333333333 0.017500000000000002
0.61791666666666667 0.19666666666666666 0.017500000000000002
0.61791666666666667 0.23250000000000004 0.017500000000000002
0.61791666666666667 0.26833333333333337 0.017500000000000002
0.61791666666666667 0.3041666666666667 0.017500000000000002
0.61791666666666667 0.34000000000000002 0.017500000000000002
0.61791666666666667 0.37583333333333335 0.017500000000000002
0.61791666666666667 0.41166666666666668 0.017500000000000002
0.61791666666666667 0.44750000000000006 0.017500000000000002
0.61791666666666667 0.48333333333333339 0.017500000000000002
0.61791666666666667 0.51916666666666667 0.017500000000000002
0.61791666666666667 0.55499999999999994 0.017500000000000002
0.61791666666666667 0.59083333333333332 0.017500000000000002
0.61791666666666667 0.62666666666666671 0.017500000000000002
0.61791666666666667 0.66250000000000009 0.017500000000000002
0.65374999999999994 0.017500000000000002 0.017500000000000002
0.65374999999999994 0.053333333333333337 0.017500000000000002
0.65374999999999994 0.089166666666666672 0.017500000000000002
0.65374999999999994 0.125 0.017500000000000002
0.65374999999999994 0.16083333333333333 0.017500000000000002
0.65374999999999994 0.19666666666666666 0.017500000000000002
0.65374999999999994 0.23250000000000004 0.017500000000000002
0.65374999999999994 0.26833333333333337 0.017500000000000002
0.65374999999999994 0.3041666666666667 0.017500000000000002
0.65374999999999994 0.34000000000000002 0.017500000000000002
0.65374999999999994 0.37583333333333335 0.017500000000000002
0.65374999999999994 0.41166666666666668 0.017500000000000002
0.65374999999999994 0.44750000000000006 0.017500000000000002
0.65374999999999994 0.48333333333333339 0.017500000000000002
0.65374999999999994 0.51916666666666667 0.017500000000000002
0.65374999999999994 0.55499999999999994 0.017500000000000002
0.65374999999999994 0.59083333333333332 0.017500000000000002
0.65374999999999994 0.62666666666666671 0.017500000000000002
0.65374999999999994 0.66250000000000009 0.017500000000000002
0.68958333333333321 0.017500000000000002 0.017500000000000002
0.68958333333333321 0.053333333333333337 0.017500000000000002
0.68958333333333321 0.089166666666666672 0.017500000000000002
0.68958333333333321 0.125 0.017500000000000002
0.68958333333333321 0.16083333333333333 0.017500000000000002
0.68958333333333321 0.19666666666666666 0.017500000000000002
0.68958333333333321 0.23250000000000004 0.017500000000000002
0.68958333333333321 0.26833333333333337 0.017500000000000002
0.68958333333333321 0.3041666666666667 0.017500000000000002
0.68958333333333321 0.34000000000000002 0.017500000000000002
0.68958333333333321 0.37583333333333335 0.017500000000000002
0.68958333333333321 0.41166666666666668 0.017500000000000002
0.68958333333333321 0.44750000000000006 0.017500000000000002
0.68958333333333321 0.48333333333333339 0.017500000000000002
0.68958333333333321 0.51916666666666667 0.017500000000000002
0.68958333333333321 0.55499999999999994 0.017500000000000002
0.68958333333333321 0.59083333333333332 0.017500000000000002
0.68958333333333321 0.62666666666666671 0.017500000000000002
0.68958333333333321 0.66250000000000009 0.017500000000000002
0.7254166666666666 0.017500000000000002 0.017500000000000002
0.7254166666666666 0.053333333333333337 0.017500000000000002
0.7254166666666666 0.089166666666666672 0.017500000000000002
0.7254166666666666 0.125 0.017500000000000002
0.7254166666666666 0.16083333333333333 0.017500000000000002
0.7254166666666666 0.19666666666666666 0.017500000000000002
0.7254166666666666 0.23250000000000004 0.017500000000000002
0.7254166666666666 0.26833333333333337 0.017500000000000002
0.7254166666666666 0.3041666666666667 0.017500000000000002
0.7254166666666666 0.34000000000000002 0.017500000000000002
0.7254166666666666 0.37583333333333335 0.017500000000000002
0.7254166666666666 0.41166666666666668 0.017500000000000002
0.7254166666666666 0.44750000000000006 0.017500000000000002
0.7254166666666666 0.48333333333333339 0.017500000000000002
0.7254166666666666 0.51916666666666667 0.017500000000000002
0.7254166666666666 0.55499999999999994 0.017500000000000002
0.7254166666666666 0.59083333333333332 0.017500000000000002
0.7254166666666666 0.62666666666666671 0.017500000000000002
0.7254166666666666 0.66250000000000009 0.017500000000000002
0.76124999999999998 0.017500000000000002 0.017500000000000002
0.76124999999999998 0.053333333333333337 0.017500000000000002
0.76124999999999998 0.089166666666666672 0.017500000000000002
0.76124999999999998 0.125 0.017500000000000002
0.76124999999999998 0.16083333333333333 0.017500000000000002
0.76124999999999998 0.19666666666666666 0.017500000000000002
0.76124999999999998 0.23250000000000004 0.017500000000000002
0.76124999999999998 0.26833333333333337 0.017500000000000002
0.76124999999999998 0.3041666666666667 0.017500000000000002
0.76124999999999998 0.34000000000000002 0.017500000000000002
0.76124999999999998 0.37583333333333335 0.017500000000000002
0.76124999999999998 0.41166666666666668 0.017500000000000002
0.76124999999999998 0.44750000000000006 0.017500000000000002
0.76124999999999998 0.48333333333333339 0.017500000000000002
0.76124999999999998 0.51916666666666667 0.017500000000000002
0.76124999999999998 0.55499999999999994 0.017500000000000002
0.76124999999999998 0.59083333333333332 0.017500000000000002
0.76124999999999998 0.62666666666666671 0.017500000000000002
0.76124999999999998 0.66250000000000009 0.017500000000000002
0.79708333333333337 0.017500000000000002 0.017500000000000002
0.79708333333333337 0.053333333333333337 0.017500000000000002
0.79708333333333337 0.089166666666666672 0.017500000000000002
0.79708333333333337 0.125 0.017500000000000002
0.79708333333333337 0.16083333333333333 0.017500000000000002
0.79708333333333337 0.19666666666666666 0.017500000000000002
0.79708333333333337 0.23250000000000004 0.017500000000000002
0.79708333333333337 0.26833333333333337 0.017500000000000002
0.79708333333333337 0.3041666666666667 0.017500000000000002
0.79708333333333337 0.34000000000000002 0.017500000000000002
0.79708333333333337 0.37583333333333335 0.017500000000000002
0.79708333333333337 0.41166666666666668 0.017500000000000002
0.79708333333333337 0.44750000000000006 0.017500000000000002
0.79708333333333337 0.48333333333333339 0.017500000000000002
0.79708333333333337 0.51916666666666667 0.017500000000000002
0.79708333333333337 0.55499999999999994 0.017500000000000002
0.79708333333333337 0.59083333333333332 0.017500000000000002
0.79708333333333337 0.62666666666666671 0.017500000000000002
0.79708333333333337 0.66250000000000009 0.017500000000000002
0.83291666666666653 0.017500000000000002 0.017500000000000002
0.83291666666666653 0.053333333333333337 0.017500000000000002
0.83291666666666653 0.089166666666666672 0.017500000000000002
0.83291666666666653 0.125 0.017500000000000002
0.83291666666666653 0.16083333333333333 0.017500000000000002
0.83291666666666653 0.19666666666666666 0.017500000000000002
0.83291666666666653 0.23250000000000004 0.017500000000000002
0.83291666666666653 0.26833333333333337 0.017500000000000002
0.83291666666666653 0.3041666666666667 0.017500000000000002
0.83291666666666653 0.34000000000000002 0.017500000000000002
0.83291666666666653 0.37583333333333335 0.017500000000000002
0.83291666666666653 0.41166666666666668 0.017500000000000002
0.83291666666666653 0.44750000000000006 0.017500000000000002
0.83291666666666653 0.48333333333333339 0.017500000000000002
0.83291666666666653 0.51916666666666667 0.017500000000000002
0.83291666666666653 0.55499999999999994 0.017500000000000002
0.83291666666666653 0.59083333333333332 0.017500000000000002
0.83291666666666653 0.62666666666666671 0.017500000000000002
0.83291666666666653 0.66250000000000009 0.017500000000000002
0.86874999999999991 0.017500000000000002 0.017500000000000002
0.86874999999999991 0.053333333333333337 0.017500000000000002
0.86874999999999991 0.089166666666666672 0.017500000000000002
0.86874999999999991 0.125 0.017500000000000002
0.86874999999999991 0.16083333333333333 0.017500000000000002
0.86874999999999991 0.19666666666666666 0.017500000000000002
0.86874999999999991 0.23250000000000004 0.017500000000000002
0.86874999999999991 0.26833333333333337 0.017500000000000002
0.86874999999999991 0.3041666666666667 0.017500000000000002
0.86874999999999991 0.34000000000000002 0.017500000000000002
0.86874999999999991 0.37583333333333335 0.017500000000000002
0.86874999999999991 0.41166666666666668 0.017500000000000002
0.86874999999999991 0.44750000000000006 0.017500000000000002
0.86874999999999991 0.48333333333333339 0.017500000000000002
0.86874999999999991 0.51916666666666667 0.017500000000000002
0.86874999999999991 0.55499999999999994 0.017500000000000002
0.86874999999999991 0.59083333333333332 0.017500000000000002
0.86874999999999991 0.62666666666666671 0.017500000000000002
0.86874999999999991 0.66250000000000009 0.017500000000000002
0.90458333333333329 0.017500000000000002 0.017500000000000002
0.90458333333333329 0.053333333333333337 0.017500000000000002
0.90458333333333329 0.089166666666666672 0.017500000000000002
0.90458333333333329 0.125 0.017500000000000002
0.90458333333333329 0.16083333333333333 0.017500000000000002
0.90458333333333329 0.19666666666666666 0.017500000000000002
0.90458333333333329 0.23250000000000004 0.017500000000000002
0.90458333333333329 0.26833333333333337 0.017500000000000002
0.90458333333333329 0.3041666666666667 0.017500000000000002
0.90458333333333329 0.34000000000000002 0.017500000000000002
0.90458333333333329 0.37583333333333335 0.017500000000000002
0.90458333333333329 0.41166666666666668 0.017500000000000002
0.90458333333333329 0.44750000000000006 0.017500000000000002
0.90458333333333329 0.48333333333333339 0.017500000000000002
0.90458333333333329 0.51916666666666667 0.017500000000000002
0.90458333333333329 0.55499999999999994 0.017500000000000002
0.90458333333333329 0.59083333333333332 0.017500000000000002
0.90458333333333329 0.62666666666666671 0.017500000000000002
0.90458333333333329 0.66250000000000009 0.017500000000000002
